8 4 (0.215, 0.785, 28.5)
8 6 (0.409, 0.929, 26.0)
8 6 (0.409, 0.929, 26.0)
8 7 (0.529, 0.978, 22.4)
8 8 (0.676, 1.0, 16.2)
8 8 (0.676, 1.0, 16.2)
12 6 (0.254, 0.746, 24.6)
12 8 (0.391, 0.862, 23.6)
12 10 (0.552, 0.953, 20.1)
12 11 (0.646, 0.985, 17.0)
12 11 (0.646, 0.985, 17.0)
12 12 (0.758, 1.0, 12.1)
40 20 (0.352, 0.648, 14.8)
40 28 (0.546, 0.819, 13.7)
40 32 (0.652, 0.895, 12.1)
40 36 (0.769, 0.96, 9.5)
40 38 (0.835, 0.986, 7.6)
40 40 (0.912, 1.0, 4.4)
63 32 (0.388, 0.627, 12.0)
63 44 (0.576, 0.798, 11.1)
63 50 (0.678, 0.875, 9.8)
63 57 (0.807, 0.956, 7.4)
63 60 (0.869, 0.984, 5.7)
63 63 (0.943, 1.0, 2.9)
100 50 (0.404, 0.596, 9.6)
100 70 (0.604, 0.781, 8.8)
100 80 (0.711, 0.867, 7.8)
100 90 (0.826, 0.945, 6.0)
100 95 (0.888, 0.978, 4.5)
100 100 (0.963, 1.0, 1.8)
300 150 (0.444, 0.556, 5.6)
300 210 (0.646, 0.749, 5.2)
300 240 (0.751, 0.841, 4.5)
300 270 (0.861, 0.929, 3.4)
300 285 (0.919, 0.969, 2.5)
300 300 (0.987, 1.0, 0.6)
